task = sf
mcc = 0.44441496405527803
tp = 5084
tn = 5262
fp = 1867
fn = 2116
eval_loss = 0.7103037392579219
